free_thresh: 0.196
image: kitchen_map.pgm
negate: 0
occupied_thresh: 0.65
origin: [-8.000000, -8.000000, 0.000000]
resolution: 0.050000
